5,Staph v. Guest Vball,14.0,16.0,4